%YAML:1.0
---
rot_CF_F: !!opencv-matrix
   rows: 3
   cols: 3
   dt: d
   data: [ 6.6950578039530195e-01, -7.4252533867122428e-01,
       -2.0448262724769628e-02, 1.3564926540565841e-01,
       9.5151442021705362e-02, 9.8617720510874474e-01,
       -7.3031588152811167e-01, -6.6302513113182493e-01,
       1.6442745718231946e-01 ]
trans_CF_F: !!opencv-matrix
   rows: 3
   cols: 1
   dt: d
   data: [ 4.1212767208092053e+01, 1.8055054033587048e+00,
       5.3897588286394011e+01 ]
camera_matrix: !!opencv-matrix
   rows: 3
   cols: 3
   dt: d
   data: [ 1.0875916368847802e+03, 0., 640., 0., 1.0875916368847802e+03,
       360., 0., 0., 1. ]
dist_coeffs: !!opencv-matrix
   rows: 4
   cols: 1
   dt: d
   data: [ 0., 0., 0., 0. ]
