%YAML:1.0
---
model_points_FNED: !!opencv-matrix
   rows: 16
   cols: 3
   dt: d
   data: [ -1.9132698053033458e+01, 5.0243320220060724e+01, 0.,
       -1.6025730383410398e+01, 6.5646103923919767e+01, 0.,
       -6.8866276513204676e+00, 6.6336342630453984e+01, 0.,
       -1.3302055287887573e+01, 6.6901740536225759e+01, 0.,
       -1.3185433595725129e+01, 6.7501111147717737e+01, 0.,
       6.5404950245382576e-01, 6.4322882212972573e+01, 0.,
       4.7620774950804794e+00, 4.5428328288545309e+01, 0.,
       5.3502009018332011e+00, 3.1782652810096728e+01, 0.,
       -5.9487712801885477e+00, 3.5182189528114520e+01, 0.,
       -5.9891797792075767e+00, 3.3262755806241877e+01, 0.,
       -6.0583065065284636e+00, 3.1426612532235289e+01, 0.,
       -1.7003637691849313e+01, 6.4574255577477686e+01, 0.,
       -1.7050158551477303e+01, 6.5121964786121666e+01, 0.,
       -1.7855466627732014e+01, 6.4240425041066601e+01, 0.,
       -1.8060949355648027e+01, 6.3992483663195330e+01, 0.,
       -1.8522284164802485e+01, 6.3705477536085965e+01, 0. ]
