%YAML:1.0
---
model_points_FNED: !!opencv-matrix
   rows: 7
   cols: 3
   dt: d
   data: [ -1.9435316812401194e+01, 5.0190536784495080e+01, 0.,
       -1.9070920176752885e+01, 6.3423244415097287e+01, 0.,
       -1.4360115460560861e+01, 6.8256319944077561e+01, 0.,
       5.3014274009448759e-01, 6.4851924131268930e+01, 0.,
       4.3780593396457990e+00, 4.9079997974936283e+01, 0.,
       4.7882003939368651e+00, 2.8451175116301663e+01, 0.,
       -5.7838699148537707e+00, 3.0646427781527912e+01, 0. ]
