%YAML:1.0
---
model_points_FNED: !!opencv-matrix
   rows: 8
   cols: 3
   dt: d
   data: [ -1.9306041211993971e+01, 5.0620120415533449e+01, 0.,
       -1.7701625114099375e+01, 6.3697191494552278e+01, 0.,
       -1.5041353847344748e+01, 6.7578193904071711e+01, 0.,
       2.7954070758925731e-01, 6.3931123942871480e+01, 0.,
       3.1890166657550481e+00, 5.3023428330603693e+01, 0.,
       4.8970931007362886e+00, 4.6262979201244100e+01, 0.,
       4.5757305488245450e+00, 2.2147643984097890e+01, 0.,
       -5.8450267639146514e+00, 2.2369010780920497e+01, 0. ]
