%YAML:1.0
---
model_points_FNED: !!opencv-matrix
   rows: 7
   cols: 3
   dt: d
   data: [ -2.0270623802563957e+01, 5.0246581530928850e+01, 0.,
       -1.7757083046391237e+01, 6.3752904271088113e+01, 0.,
       -1.4917958267058495e+01, 6.7494938967039531e+01, 0.,
       1.1901026209796584e+00, 6.3612818024988385e+01, 0.,
       5.3290424473532969e+00, 4.5855207852867416e+01, 0.,
       4.5322817224304668e+00, 2.2155289459594840e+01, 0.,
       -5.8756221038708709e+00, 2.2703850088567989e+01, 0. ]
