%YAML:1.0
---
model_points_FNED: !!opencv-matrix
   rows: 7
   cols: 3
   dt: d
   data: [ -2.0130948812138545e+01, 5.0217828096541169e+01, 0.,
       -1.7462355554581407e+01, 6.3773098673483659e+01, 0.,
       -1.5015456230905393e+01, 6.7434159111840216e+01, 0.,
       -1.3191596197942932e+00, 6.4378952882321130e+01, 0.,
       5.0479970057605534e+00, 4.5697833699929944e+01, 0.,
       4.6191744649933515e+00, 2.2139999372629042e+01, 0.,
       -6.3677669302409008e+00, 2.2126546442816057e+01, 0. ]
