%YAML:1.0
---
rot_CF_F: !!opencv-matrix
   rows: 3
   cols: 3
   dt: d
   data: [ 3.0953899527618434e-01, -9.5088662436201710e-01,
       -4.8786557478253112e-04, 3.2433569755452557e-01,
       1.0509760891986236e-01, 9.4008555349561007e-01,
       -8.9386350506955481e-01, -2.9115136992419660e-01,
       3.4093828487870648e-01 ]
trans_CF_F: !!opencv-matrix
   rows: 3
   cols: 1
   dt: d
   data: [ 9.4046937804207062e+01, -4.5868389512631744e+01,
       1.4493398459624021e+02 ]
camera_matrix: !!opencv-matrix
   rows: 3
   cols: 3
   dt: d
   data: [ 6.4055529022922724e+02, 0., 640., 0., 6.4055529022922724e+02,
       360., 0., 0., 1. ]
dist_coeffs: !!opencv-matrix
   rows: 4
   cols: 1
   dt: d
   data: [ 0., 0., 0., 0. ]
