%YAML:1.0
---
model_points_FNED: !!opencv-matrix
   rows: 6
   cols: 3
   dt: d
   data: [ 8.6848671218994767e+01, 1.4144645589010469e+02, 0.,
       8.6704904529592298e+01, 1.1774084300220680e+02,
       1.7763568394002505e-15, 9.4511305253671949e+01,
       1.1906439064603627e+02, 0., 1.1652562949215665e+02,
       1.1996883648669002e+02, 0., 1.1313219812244799e+02,
       1.3601674649187177e+02, 0., 9.4424132923285782e+01,
       1.4142833722304766e+02, 0. ]
