%YAML:1.0
---
rot_CF_F: !!opencv-matrix
   rows: 3
   cols: 3
   dt: d
   data: [ 6.2539286793873395e-03, 9.9982698478453280e-01,
       -1.7518243997122027e-02, -9.9982978305952031e-01,
       5.9479367404731169e-03, -1.7465020918503108e-02,
       -1.7357801797046699e-02, 1.7624487090434588e-02,
       9.9969399526633829e-01 ]
trans_CF_F: !!opencv-matrix
   rows: 3
   cols: 1
   dt: d
   data: [ -5.9558916656442264e+01, 1.0031427079356074e+02,
       6.8548707747765562e+01 ]
camera_matrix: !!opencv-matrix
   rows: 3
   cols: 3
   dt: d
   data: [ 1338., 0., 669., 0., 1338., 4.1050000000000000e+02, 0., 0.,
       1. ]
dist_coeffs: !!opencv-matrix
   rows: 4
   cols: 1
   dt: d
   data: [ 0., 0., 0., 0. ]
