%YAML:1.0
---
rot_CF_F: !!opencv-matrix
   rows: 3
   cols: 3
   dt: d
   data: [ 9.9957692939625009e-01, 2.1604214192766889e-04,
       2.9084627289292266e-02, -1.6252716741744690e-03,
       9.9882487781642626e-01, 4.8437815258186939e-02,
       -2.9039984689204969e-02, -4.8464593063328537e-02,
       9.9840265549950180e-01 ]
trans_CF_F: !!opencv-matrix
   rows: 3
   cols: 1
   dt: d
   data: [ -9.6059278744547257e+01, -1.3618730279658331e+02,
       7.5230936686091496e+01 ]
camera_matrix: !!opencv-matrix
   rows: 3
   cols: 3
   dt: d
   data: [ 1274., 0., 637., 0., 1274., 3.7750000000000000e+02, 0., 0.,
       1. ]
dist_coeffs: !!opencv-matrix
   rows: 4
   cols: 1
   dt: d
   data: [ 0., 0., 0., 0. ]
