%YAML:1.0
---
rot_CF_F: !!opencv-matrix
   rows: 3
   cols: 3
   dt: d
   data: [ 3.0943278516470868e-01, -9.5091960165034628e-01,
       -1.8062841298667753e-03, 3.2529217348666123e-01,
       1.0406599162485863e-01, 9.3986981612107234e-01,
       -8.9355265839990361e-01, -2.9141410498512504e-01,
       3.4152813366131851e-01 ]
trans_CF_F: !!opencv-matrix
   rows: 3
   cols: 1
   dt: d
   data: [ 9.4057841693647276e+01, -4.5838861533481840e+01,
       1.4494484297570159e+02 ]
camera_matrix: !!opencv-matrix
   rows: 3
   cols: 3
   dt: d
   data: [ 3.2021585029581468e+02, 0., 320., 0., 3.2021585029581468e+02,
       180., 0., 0., 1. ]
dist_coeffs: !!opencv-matrix
   rows: 4
   cols: 1
   dt: d
   data: [ 0., 0., 0., 0. ]
