%YAML:1.0
---
rot_CF_F: !!opencv-matrix
   rows: 3
   cols: 3
   dt: d
   data: [ 8.6572484499479274e-01, -5.0050920278687938e-01,
       3.3212474139009407e-03, 2.4546687806389153e-01,
       4.3034527226051339e-01, 8.6864777580823349e-01,
       -4.3619548889495469e-01, -7.5119470483268647e-01,
       4.9541902557231743e-01 ]
trans_CF_F: !!opencv-matrix
   rows: 3
   cols: 1
   dt: d
   data: [ -2.1978345102246379e+01, -8.0013156776144342e+01,
       1.6455066533316173e+02 ]
camera_matrix: !!opencv-matrix
   rows: 3
   cols: 3
   dt: d
   data: [ 3.2855989317542657e+02, 0., 320., 0., 3.2855989317542657e+02,
       180., 0., 0., 1. ]
dist_coeffs: !!opencv-matrix
   rows: 4
   cols: 1
   dt: d
   data: [ 0., 0., 0., 0. ]
