%YAML:1.0
---
model_points_FNED: !!opencv-matrix
   rows: 17
   cols: 3
   dt: d
   data: [ -1.6933654352778635e+01, 6.0796206931412016e+01, 0.,
       -1.6954384565463613e+01, 6.5891027883888057e+01, 0.,
       -1.4005210209884924e+01, 6.7368027993697126e+01, 0.,
       -7.3061684736570722e+00, 6.5750797319585104e+01, 0.,
       -3.0644808360634532e+00, 6.4502947401621071e+01, 0.,
       -1.8141269653570591e-01, 6.4145267641929081e+01, 0.,
       6.9454098673222209e-01, 6.3781335589706572e+01, 0.,
       1.6337282157634663e+00, 5.9118088857444832e+01, 0.,
       3.0961570898394735e+00, 5.3181273749093776e+01, 0.,
       4.3140365685949593e+00, 4.7404221365648844e+01, 0.,
       5.1855331383205847e+00, 4.1401643315276942e+01, 0.,
       5.0980311854963301e+00, 3.3680622636745518e+01, 0.,
       5.0235646111555869e+00, 3.0526141405156388e+01, 0.,
       -5.8900410774753276e+00, 2.6968763927354537e+01, 0.,
       -1.2536186898364472e+01, 3.1390325258731707e+01, 0.,
       -1.7594439297169309e+01, 3.5442697891127018e+01, 0.,
       -2.1067643128120096e+01, 3.9286294780845125e+01, 0. ]
