%YAML:1.0
---
rot_CF_F: !!opencv-matrix
   rows: 3
   cols: 3
   dt: d
   data: [ -8.5183881140935824e-01, 4.5745258020055130e-01,
       -2.5516225474107646e-01, 9.4360643304459646e-02,
       6.1317964441392270e-01, 7.8428744263285533e-01,
       5.1523461488127953e-01, 6.4400920843127241e-01,
       -5.6549573922697749e-01 ]
trans_CF_F: !!opencv-matrix
   rows: 3
   cols: 1
   dt: d
   data: [ -3.8555309351188804e+01, 1.6147330601240142e+01,
       4.6049386822279111e+01 ]
camera_matrix: !!opencv-matrix
   rows: 3
   cols: 3
   dt: d
   data: [ 5.1760514011046541e+02, 0., 640., 0., 5.1760514011046541e+02,
       360., 0., 0., 1. ]
dist_coeffs: !!opencv-matrix
   rows: 4
   cols: 1
   dt: d
   data: [ 0., 0., 0., 0. ]
