%YAML:1.0
---
model_points_FNED: !!opencv-matrix
   rows: 8
   cols: 3
   dt: d
   data: [ 2.3566321334301712e+01, -4.4597017054944494e+01, 0.,
       1.9298876290667202e+01, -1.5387016102527589e+01, 0.,
       7.0567127444559876e+00, 5.4441041037534816e+00, 0.,
       -2.7046883402888795e+01, 2.8162250653298813e+00, 0.,
       -3.6488806584658676e+01, -2.9191950695649147e+01, 0.,
       -7.8554382185175760e+00, -8.8792796903066659e+01, 0.,
       2.1794947347594757e+01, -8.6440573507773195e+01, 0.,
       2.3566321334301712e+01, -4.4597017054944494e+01, 0. ]
