%YAML:1.0
---
rot_CF_F: !!opencv-matrix
   rows: 3
   cols: 3
   dt: d
   data: [ 9.9673008716731082e-01, 8.0744186490699116e-02,
       3.0837774563021170e-03, -2.3740771700917040e-02,
       2.5615655255473557e-01, 9.6634372577376315e-01,
       7.7236708205941376e-02, -9.6325707728063337e-01,
       2.5723587225401140e-01 ]
trans_CF_F: !!opencv-matrix
   rows: 3
   cols: 1
   dt: d
   data: [ 9.6817602879093467e+00, 7.7875473461839446e+00,
       3.9105578102596247e+01 ]
camera_matrix: !!opencv-matrix
   rows: 3
   cols: 3
   dt: d
   data: [ 1.2595358276055676e+03, 0., 640., 0., 1.2595358276055676e+03,
       360., 0., 0., 1. ]
dist_coeffs: !!opencv-matrix
   rows: 4
   cols: 1
   dt: d
   data: [ 0., 0., 0., 0. ]
