%YAML:1.0
---
rot_CF_F: !!opencv-matrix
   rows: 3
   cols: 3
   dt: d
   data: [ -5.0348387799905420e-04, 9.9984036009203281e-01,
       -1.7860594475512370e-02, -9.9969025152827673e-01,
       -9.4766717703507856e-04, -2.4869719062590379e-02,
       -2.4882674762074831e-02, 1.7842540681071137e-02,
       9.9953113820367234e-01 ]
trans_CF_F: !!opencv-matrix
   rows: 3
   cols: 1
   dt: d
   data: [ 2.8368675677371201e+01, -2.2627093063462898e+00,
       7.1049987924106134e+01 ]
camera_matrix: !!opencv-matrix
   rows: 3
   cols: 3
   dt: d
   data: [ 776., 0., 741., 0., 776., 388., 0., 0., 1. ]
dist_coeffs: !!opencv-matrix
   rows: 4
   cols: 1
   dt: d
   data: [ 0., 0., 0., 0. ]
