%YAML:1.0
---
model_points_IM: !!opencv-matrix
   rows: 8
   cols: 2
   dt: d
   data: [ 1269., 437., 1268., 690., 14., 696., 72., 383., 586., 210.,
       888., 209., 1084., 297., 1269., 437. ]
