%YAML:1.0
---
rot_CF_F: !!opencv-matrix
   rows: 3
   cols: 3
   dt: d
   data: [ 6.5168895841475205e-01, -7.5845074347970076e-01,
       -7.3465090610746464e-03, 1.4885565745311929e-01,
       1.1839289973499112e-01, 9.8174595213656968e-01,
       -7.4373617279549809e-01, -6.4088656641205177e-01,
       1.9005502957847653e-01 ]
trans_CF_F: !!opencv-matrix
   rows: 3
   cols: 1
   dt: d
   data: [ 4.2636506491550229e+01, 3.8789975682317351e-01,
       6.8379549728247525e+01 ]
camera_matrix: !!opencv-matrix
   rows: 3
   cols: 3
   dt: d
   data: [ 1.8567267393303248e+03, 0., 640., 0., 1.8567267393303248e+03,
       360., 0., 0., 1. ]
dist_coeffs: !!opencv-matrix
   rows: 4
   cols: 1
   dt: d
   data: [ 0., 0., 0., 0. ]
