%YAML:1.0
---
model_points_IM: !!opencv-matrix
   rows: 9
   cols: 2
   dt: d
   data: [ 1064., 302., 1057., 497., 597., 716., 173., 568., 258., 361.,
       488., 229., 767., 163., 928., 181., 1064., 302. ]
