%YAML:1.0
---
rot_CF_F: !!opencv-matrix
   rows: 3
   cols: 3
   dt: d
   data: [ 2.7284600512245150e-01, 9.5639623551576070e-01,
       -1.0421755216853411e-01, -9.6151412697561534e-01,
       2.7472818821780592e-01, 3.8737868917118334e-03,
       3.2336374488179540e-02, 9.9149701410764415e-02,
       9.9454698008445874e-01 ]
trans_CF_F: !!opencv-matrix
   rows: 3
   cols: 1
   dt: d
   data: [ -1.4476494904115897e+00, 3.3531000878709878e+00,
       2.0000832283544386e+02 ]
camera_matrix: !!opencv-matrix
   rows: 3
   cols: 3
   dt: d
   data: [ 1482., 0., 741., 0., 1482., 4.0350000000000000e+02, 0., 0.,
       1. ]
dist_coeffs: !!opencv-matrix
   rows: 4
   cols: 1
   dt: d
   data: [ 0., 0., 0., 0. ]
