%YAML:1.0
---
rot_CF_F: !!opencv-matrix
   rows: 3
   cols: 3
   dt: d
   data: [ -6.1701863295795145e-01, -7.8692403839487102e-01,
       6.2100224644082713e-03, 3.2052305212969601e-01,
       -2.4409595394603978e-01, 9.1524976827128290e-01,
       -7.1871620243053169e-01, 5.6671661618791502e-01,
       4.0283904639490276e-01 ]
trans_CF_F: !!opencv-matrix
   rows: 3
   cols: 1
   dt: d
   data: [ 2.4597332444895494e+00, -2.2504489786316526e+00,
       9.2392884509127640e+01 ]
camera_matrix: !!opencv-matrix
   rows: 3
   cols: 3
   dt: d
   data: [ 1.0365903717682406e+03, 0., 640., 0., 1.0365903717682406e+03,
       360., 0., 0., 1. ]
dist_coeffs: !!opencv-matrix
   rows: 4
   cols: 1
   dt: d
   data: [ 0., 0., 0., 0. ]
