%YAML:1.0
---
model_points_FNED: !!opencv-matrix
   rows: 6
   cols: 3
   dt: d
   data: [ 8.5281166328993081e+01, 1.1828347913464631e+02,
       -8.8817841970012523e-16, 9.5603078556306144e+01,
       1.1836135863504913e+02, 0., 1.0889618021340981e+02,
       1.2469570627212707e+02, 0., 1.0887206100072224e+02,
       1.3800775192608867e+02, 0., 9.6497616187797945e+01,
       1.4294805247014904e+02, 0., 8.5067080268116470e+01,
       1.4320843166652637e+02, 0. ]
