%YAML:1.0
---
model_points_FNED: !!opencv-matrix
   rows: 6
   cols: 3
   dt: d
   data: [ 8.4582975930176289e+01, 4.3847809411409131e+01, 0.,
       9.5682058326847809e+01, 4.2760283917328408e+01, 0.,
       1.1214194010872330e+02, 5.2695797027943044e+01, 0.,
       1.1191198926159393e+02, 6.4948151041520020e+01, 0.,
       9.6293629732295514e+01, 7.1172861326876671e+01, 0.,
       8.5251133880716580e+01, 7.0731854826872691e+01, 0. ]
