%YAML:1.0
---
rot_CF_F: !!opencv-matrix
   rows: 3
   cols: 3
   dt: d
   data: [ 8.6431164123323656e-01, -5.0293235997801788e-01,
       4.9424807182410491e-03, 2.4491645332130496e-01,
       4.2944222634080226e-01, 8.6924985195740356e-01,
       -4.3929638937876758e-01, -7.5009227133893097e-01,
       4.9434832532980383e-01 ]
trans_CF_F: !!opencv-matrix
   rows: 3
   cols: 1
   dt: d
   data: [ -2.1496668623613157e+01, -7.9844570328341888e+01,
       1.6449246527046674e+02 ]
camera_matrix: !!opencv-matrix
   rows: 3
   cols: 3
   dt: d
   data: [ 6.5322336758087181e+02, 0., 640., 0., 6.5322336758087181e+02,
       360., 0., 0., 1. ]
dist_coeffs: !!opencv-matrix
   rows: 4
   cols: 1
   dt: d
   data: [ 0., 0., 0., 0. ]
