%YAML:1.0
---
rot_CF_F: !!opencv-matrix
   rows: 3
   cols: 3
   dt: d
   data: [ 5.2915143829194022e-01, 8.4851992412769550e-01,
       -3.5628235854464063e-03, -2.9478603815310095e-01,
       1.8776764168830132e-01, 9.3693356458439048e-01,
       7.9567578011622886e-01, -4.9472947263443257e-01,
       3.4948934439162338e-01 ]
trans_CF_F: !!opencv-matrix
   rows: 3
   cols: 1
   dt: d
   data: [ -1.0167636148243933e+02, 1.6031889355813991e+01,
       -2.5342704960623514e+01 ]
camera_matrix: !!opencv-matrix
   rows: 3
   cols: 3
   dt: d
   data: [ 6.3632329789423432e+02, 0., 640., 0., 6.3632329789423432e+02,
       360., 0., 0., 1. ]
dist_coeffs: !!opencv-matrix
   rows: 4
   cols: 1
   dt: d
   data: [ 0., 0., 0., 0. ]
