%YAML:1.0
---
rot_CF_F: !!opencv-matrix
   rows: 3
   cols: 3
   dt: d
   data: [ 5.3024704701515868e-01, 8.4783800845683022e-01,
       -2.9631988897622086e-03, -2.9491320399268384e-01,
       1.8771638721340744e-01, 9.3690381581158899e-01,
       7.9489890630348325e-01, -4.9591659519268183e-01,
       3.4957468353704324e-01 ]
trans_CF_F: !!opencv-matrix
   rows: 3
   cols: 1
   dt: d
   data: [ -1.0177777344958197e+02, 1.6013192113134195e+01,
       -2.5360558725864419e+01 ]
camera_matrix: !!opencv-matrix
   rows: 3
   cols: 3
   dt: d
   data: [ 3.1623788494566736e+02, 0., 320., 0., 3.1623788494566736e+02,
       180., 0., 0., 1. ]
dist_coeffs: !!opencv-matrix
   rows: 4
   cols: 1
   dt: d
   data: [ 0., 0., 0., 0. ]
