%YAML:1.0
---
model_points_FNED: !!opencv-matrix
   rows: 9
   cols: 3
   dt: d
   data: [ 2.0722272662722510e+01, -1.1558288188276791e+00, 0.,
       7.3766876534824206e+00, 2.1939392545637752e+01,
       3.5527136788005009e-15, 5.2132338740216255e+00,
       2.4266389318616483e+01, 0., -2.2637130984315974e+01,
       1.2344079760362732e+01, 0., -2.1690220567479287e+01,
       -5.2751206580078147e+00, 0., -1.2198492903650802e+01,
       -2.4529945576633001e+01, 0., -5.2202356715454528e+00,
       -2.9588333112089217e+01, 0., 1.5046514525793377e+01,
       -2.1418147054837728e+01, 0., 2.0722272662722510e+01,
       -1.1558288188276791e+00, 0. ]
