%YAML:1.0
---
model_points_FNED: !!opencv-matrix
   rows: 9
   cols: 3
   dt: d
   data: [ 2.4703729389672546e+01, -8.4092030671307816e-01,
       -7.8949192862233369e-17, 8.6890273785844396e+00,
       2.6873345330645439e+01, 4.1843072216983679e-15,
       6.0928828432314850e+00, 2.9665741458219916e+01,
       -7.8949192862233369e-17, -2.7327554986773631e+01,
       1.5358969988315415e+01, -7.8949192862233369e-17,
       -2.6191262486569610e+01, -5.7840705137292403e+00,
       -7.8949192862233369e-17, -1.4801189289975428e+01,
       -2.8889860416079465e+01, -7.8949192862233369e-17,
       -6.4272806114490084e+00, -3.4959925458626927e+01,
       -7.8949192862233369e-17, 1.7892819625357586e+01,
       -2.5155702189925137e+01, -7.8949192862233369e-17,
       2.4703729389672546e+01, -8.4092030671307816e-01,
       -7.8949192862233369e-17 ]
