%YAML:1.0
---
model_points_IM: !!opencv-matrix
   rows: 9
   cols: 2
   dt: d
   data: [ 971., 574., 689., 694., 301., 639., 205., 479., 207., 464.,
       553., 393., 727., 429., 924., 517., 971., 574. ]
