%YAML:1.0
---
model_points_IM: !!opencv-matrix
   rows: 9
   cols: 2
   dt: i
   data: [ 237, 670, 143, 472, 148, 454, 554, 375, 756, 415, 1000, 516,
       1068, 586, 732, 745, 237, 670 ]
