%YAML:1.0
---
rot_CF_F: !!opencv-matrix
   rows: 3
   cols: 3
   dt: d
   data: [ -5.0537629668124051e-01, -8.6289532751395759e-01,
       -2.5401786029048412e-03, 2.3068256794098263e-01,
       -1.3794049295745903e-01, 9.6320193793970699e-01,
       -8.3149284518924671e-01, 4.8619345342901643e-01,
       2.6876676550842060e-01 ]
trans_CF_F: !!opencv-matrix
   rows: 3
   cols: 1
   dt: d
   data: [ -8.4903342357030596e+00, 9.8460795793709615e+00,
       8.1358548945933236e+01 ]
camera_matrix: !!opencv-matrix
   rows: 3
   cols: 3
   dt: d
   data: [ 1.1994604976380724e+03, 0., 640., 0., 1.1994604976380724e+03,
       360., 0., 0., 1. ]
dist_coeffs: !!opencv-matrix
   rows: 4
   cols: 1
   dt: d
   data: [ 0., 0., 0., 0. ]
