%YAML:1.0
---
model_points_FNED: !!opencv-matrix
   rows: 11
   cols: 3
   dt: d
   data: [ -1.5680686956336354e+01, 6.4038219620034681e+01, 0.,
       -1.7398997244908717e+01, 5.0338140963965458e+01, 0.,
       -1.7412041929814336e+01, 3.8385726004549994e+01, 0.,
       -5.9793424614238972e+00, 2.4317204795922549e+01, 0.,
       4.1805060808098435e+00, 2.4594104485256324e+01, 0.,
       4.3789910351113077e+00, 4.6990058314436368e+01, 0.,
       -2.8774373130462561e-01, 6.0777280036045340e+01, 0.,
       -5.5528349858890858e-01, 6.1936580557180264e+01, 0.,
       -7.1586544890269233e-01, 6.2771255942608562e+01, 0.,
       4.2549141038596527e-01, 6.2121653536447454e+01, 0.,
       -1.0208837691371375e-02, 6.3016225300625337e+01, 0. ]
