%YAML:1.0
---
model_points_FNED: !!opencv-matrix
   rows: 7
   cols: 3
   dt: d
   data: [ -1.8749533003184510e+01, 5.0278664496085767e+01, 0.,
       -1.7845326396530041e+01, 6.3465756119125949e+01, 0.,
       -1.3555582422956734e+01, 6.5492343756897725e+01, 0.,
       4.5176038802910057e-01, 6.2505926213684411e+01, 0.,
       4.9212579334779551e+00, 4.6046401013457150e+01, 0.,
       4.7512032986225954e+00, 2.8702362779413896e+01, 0.,
       -5.8085537746119282e+00, 2.9388305399720153e+01, 0. ]
