%YAML:1.0
---
rot_CF_F: !!opencv-matrix
   rows: 3
   cols: 3
   dt: d
   data: [ -1.0254336780964947e-02, 9.9993188222564655e-01,
       -5.5748978338695746e-03, -9.9971449310890181e-01,
       -1.0131458928909341e-02, 2.1639912383910269e-02,
       2.1581956472804760e-02, 5.7952091116160228e-03,
       9.9975028617458184e-01 ]
trans_CF_F: !!opencv-matrix
   rows: 3
   cols: 1
   dt: d
   data: [ -3.6718720183601427e+01, -2.8699240186872745e+00,
       8.3469738962041689e+01 ]
camera_matrix: !!opencv-matrix
   rows: 3
   cols: 3
   dt: d
   data: [ 1129., 0., 5.6450000000000000e+02, 0., 1129., 388., 0., 0.,
       1. ]
dist_coeffs: !!opencv-matrix
   rows: 4
   cols: 1
   dt: d
   data: [ 0., 0., 0., 0. ]
