%YAML:1.0
---
model_points_FNED: !!opencv-matrix
   rows: 7
   cols: 3
   dt: d
   data: [ -2.0130948812138545e+01, 5.0217828096541169e+01, 0.,
       -1.8237188074793480e+01, 6.3508655524456415e+01, 0.,
       -1.1258538893305220e+01, 6.4216087666955403e+01, 0.,
       1.4966127178129049e+00, 6.1711560308035921e+01, 0.,
       5.0228157996101253e+00, 4.5918597813307620e+01, 0.,
       4.7145514247902014e+00, 2.8951206599677072e+01, 0.,
       -5.8064193093041023e+00, 2.7789444761464559e+01, 0. ]
