%YAML:1.0
---
model_points_FNED: !!opencv-matrix
   rows: 7
   cols: 3
   dt: d
   data: [ -2.1741633203658420e+01, 4.9591717609714678e+01, 0.,
       -1.8756333830827575e+01, 6.3353155138848649e+01, 0.,
       -1.3782101228366649e+01, 6.7585419330490865e+01, 0.,
       2.6909090503337652e-01, 6.4564719667291968e+01, 0.,
       4.4784519089403627e+00, 4.6969348236926962e+01, 0.,
       4.7896926116909029e+00, 2.8695260244388720e+01, 0.,
       -5.6342174673147083e+00, 2.9613770712023687e+01, 0. ]
