%YAML:1.0
---
model_points_FNED: !!opencv-matrix
   rows: 7
   cols: 3
   dt: d
   data: [ -1.9572740112400773e+01, 5.0102915489970322e+01, 0.,
       -1.7486040563603286e+01, 6.3692303272577519e+01, 0.,
       -9.9934762953426635e+00, 6.4450278469168666e+01, 0.,
       1.4060490938950831e-01, 6.2828115003679386e+01, 0.,
       3.2379827723769443e+00, 4.9759873158113976e+01, 0.,
       4.9174543475737789e+00, 3.1864306468267401e+01, 0.,
       -5.9139568196187611e+00, 3.3248625859806531e+01, 0. ]
