%YAML:1.0
---
rot_CF_F: !!opencv-matrix
   rows: 3
   cols: 3
   dt: d
   data: [ 9.7042712632093209e-01, -2.4117250255201428e-01,
       1.0344878602295576e-02, 5.0430862986743638e-02,
       2.4445950897019245e-01, 9.6834718801288644e-01,
       -2.3606761861574718e-01, -9.3918867778889403e-01,
       2.4939267622414071e-01 ]
trans_CF_F: !!opencv-matrix
   rows: 3
   cols: 1
   dt: d
   data: [ 2.2798464509556794e+01, -1.1345542504441150e+01,
       7.6317301443015864e+01 ]
camera_matrix: !!opencv-matrix
   rows: 3
   cols: 3
   dt: d
   data: [ 1.2032058916271005e+03, 0., 640., 0., 1.2032058916271005e+03,
       360., 0., 0., 1. ]
dist_coeffs: !!opencv-matrix
   rows: 4
   cols: 1
   dt: d
   data: [ 0., 0., 0., 0. ]
